time_s      pos_x_m
  0.00   1.01010101
  2.02   3.03030303
  4.04   5.05050505
  6.06   7.07070707
  8.08   9.09090909
 10.10  11.11111111
 12.12  13.13131313
 14.14  15.15151515
 16.16  17.17171717
 18.18  19.19191919
 20.20  21.21212121
 22.22  23.23232323
 24.24  25.25252525
 26.26  27.27272727
 28.28  29.29292929
 30.30  31.31313131
 32.32  33.33333333
 34.34  35.35353535
 36.36  37.37373737
 38.38  39.39393939
 40.40  41.41414141
 42.42  43.43434343
 44.44  45.45454545
 46.46  47.47474747
 48.48  49.49494949
 50.51  51.51515152
 52.53  53.53535354
 54.55  55.55555556
 56.57  57.57575758
 58.59  59.59595960
 60.61  61.61616162
 62.63  63.63636364
 64.65  65.65656566
 66.67  67.67676768
 68.69  69.69696970
 70.71  71.71717172
 72.73  73.73737374
 74.75  75.75757576
 76.77  77.77777778
 78.79  79.79797980
 80.81  81.81818182
 82.83  83.83838384
 84.85  85.85858586
 86.87  87.87878788
 88.89  89.89898990
 90.91  91.91919192
 92.93  93.93939394
 94.95  95.95959596
 96.97  97.97979798
 98.99 100.00000000
  0.00   0.50505051
  1.01   1.51515152
  2.02   2.52525253
  3.03   3.53535354
  4.04   4.54545455
  5.05   5.55555556
  6.06   6.56565657
  7.07   7.57575758
  8.08   8.58585859
  9.09   9.59595960
 10.10  10.60606061
 11.11  11.61616162
 12.12  12.62626263
 13.13  13.63636364
 14.14  14.64646465
 15.15  15.65656566
 16.16  16.66666667
 17.17  17.67676768
 18.18  18.68686869
 19.19  19.69696970
 20.20  20.70707071
 21.21  21.71717172
 22.22  22.72727273
 23.23  23.73737374
 24.24  24.74747475
 25.25  25.75757576
 26.26  26.76767677
 27.27  27.77777778
 28.28  28.78787879
 29.29  29.79797980
 30.30  30.80808081
 31.31  31.81818182
 32.32  32.82828283
 33.33  33.83838384
 34.34  34.84848485
 35.35  35.85858586
 36.36  36.86868687
 37.37  37.87878788
 38.38  38.88888889
 39.39  39.89898990
 40.40  40.90909091
 41.41  41.91919192
 42.42  42.92929293
 43.43  43.93939394
 44.44  44.94949495
 45.45  45.95959596
 46.46  46.96969697
 47.47  47.97979798
 48.48  48.98989899
 49.49  50.00000000
